8_4_16 1.000000 0.000000 0.000000 0.000 2.500000e-01 0.000 5.000000e-01 0.000 7.500000e-01 0.000 1 0.000 1.500000e+00 0.000 2 0.000 2.500000e+00 0.000 3 0.000 3.500000e+00 0.000 4 0.000 4.500000e+00 0.000 5

8_5_16 1.000000 0.000000 0.000000 0.000 2.500000e-01 0.000 5.000000e-01 0.000 7.500000e-01 0.000 1 0.000 1.500000e+00 0.000 2 0.000 2.500000e+00 0.000 3 0.000 3.500000e+00 0.000 4 0.000 4.500000e+00 0.000 5


8_5_16 0.932107 1.263707 0.000000 0.323 2.500000e-01 0.596 5.000000e-01 0.866 7.500000e-01 1.080 1 1.520 1.500000e+00 1.870 2 2.230 2.500000e+00 2.540 3 2.860 3.500000e+00 3.140 4 3.380 4.500000e+00 3.550 5
8_5_16 0.932107 1.263707 0.000000 0.323 2.500000e-01 0.596 5.000000e-01 0.866 7.500000e-01 1.080 1 1.520 1.500000e+00 1.870 2 2.230 2.500000e+00 2.540 3 2.860 3.500000e+00 3.140 4 3.380 4.500000e+00 3.550 5

8_17_16 0.854271 1.440807 0.000000 0.360 2.500000e-01 0.670 5.000000e-01 0.980 7.500000e-01 1.200 1 1.450 1.500000e+00 1.670 2 2.100 2.500000e+00 2.250 3 2.600 3.500000e+00 2.980 4 3.250 4.500000e+00 3.500 5

10_18_16 1.442686 0.997565 0.000000 0.168 2.500000e-01 0.337 5.000000e-01 0.531 7.500000e-01 0.740 1 1.050 1.500000e+00 1.350 2 1.790 2.500000e+00 2.130 3 2.450 3.500000e+00 2.730 4 3.130 4.500000e+00 3.260 5
10_26_16 1.269832 0.833464 0.000000 0.125 2.500000e-01 0.333 5.000000e-01 0.524 7.500000e-01 0.839 1 1.340 1.500000e+00 1.950 2 2.310 2.500000e+00 2.770 3 3.580 3.500000e+00 3.770 4 3.960 4.500000e+00 4.690 5
10_28_16 1.117299 0.911008 0.000000 0.120 2.500000e-01 0.406 5.000000e-01 0.583 7.500000e-01 0.918 1 1.480 1.500000e+00 2.090 2 2.540 2.500000e+00 2.960 3 3.670 3.500000e+00 3.980 4 4.250 4.500000e+00 4.760 5
11_22_16 0.895651 0.969860 0.000000 0.236 2.500000e-01 0.549 5.000000e-01 0.841 7.500000e-01 1.210 1 1.800 1.500000e+00 2.450 2 3.030 2.500000e+00 3.500 3 4.150 3.500000e+00 4.490 4 4.940 4.500000e+00 5.320 5
11_25_16 1.009039 0.960963 0.000000 0.210 2.500000e-01 0.488 5.000000e-01 0.724 7.500000e-01 1.050 1 1.700 1.500000e+00 2.190 2 2.770 2.500000e+00 3.090 3 3.550 3.500000e+00 4.120 4 4.470 4.500000e+00 4.660 5

5_17_17 1.283758 1.374977 0.000000 0.273 2.500000e-01 0.481 5.000000e-01 0.765 7.500000e-01 0.895 1 1.190 1.500000e+00 1.410 2 1.580 2.500000e+00 1.860 3 2.000 3.500000e+00 2.250 4 2.440 4.500000e+00 2.630 5
5_31_17 1.469718 1.313172 0.000000 0.210 2.500000e-01 0.420 5.000000e-01 0.610 7.500000e-01 0.800 1 1.000 1.500000e+00 1.270 2 1.520 2.500000e+00 1.770 3 1.900 3.500000e+00 2.090 4 2.320 4.500000e+00 2.550 5
6_7_17 1.295886 1.180758 0.000000 0.220 2.500000e-01 0.440 5.000000e-01 0.640 7.500000e-01 0.850 1 1.130 1.500000e+00 1.530 2 1.720 2.500000e+00 2.100 3 2.400 3.500000e+00 2.610 4 2.700 4.500000e+00 2.840 5
6_16_17 1.498620 1.225107 0.000000 0.220 2.500000e-01 0.410 5.000000e-01 0.590 7.500000e-01 0.840 1 1.040 1.500000e+00 1.240 2 1.530 2.500000e+00 1.790 3 2.040 3.500000e+00 2.180 4 2.420 4.500000e+00 2.600 5
6_28_17 1.488798 1.296015 0.000000 0.210 2.500000e-01 0.430 5.000000e-01 0.570 7.500000e-01 0.760 1 1.020 1.500000e+00 1.260 2 1.470 2.500000e+00 1.720 3 2.000 3.500000e+00 2.170 4 2.300 4.500000e+00 2.300 5
7_11_17 1.743433 1.175315 0.000000 0.180 2.500000e-01 0.340 5.000000e-01 0.510 7.500000e-01 0.670 1 0.920 1.500000e+00 1.130 2 1.430 2.500000e+00 1.590 3 1.750 3.500000e+00 1.850 4 2.050 4.500000e+00 2.590 5
7_11_17 1.687038 1.199367 0.000000 0.200 2.500000e-01 0.380 5.000000e-01 0.500 7.500000e-01 0.750 1 0.890 1.500000e+00 1.130 2 1.330 2.500000e+00 1.490 3 1.710 3.500000e+00 2.000 4 2.450 4.500000e+00 2.660 5
7_19_17 1.756041 1.288493 0.000000 0.220 2.500000e-01 0.330 5.000000e-01 0.520 7.500000e-01 0.670 1 0.890 1.500000e+00 1.190 2 1.370 2.500000e+00 1.570 3 1.680 3.500000e+00 1.830 4 1.970 4.500000e+00 2.190 5
7_24_17 1.639443 1.330834 0.000000 0.190 2.500000e-01 0.390 5.000000e-01 0.560 7.500000e-01 0.710 1 0.960 1.500000e+00 1.160 2 1.380 2.500000e+00 1.600 3 1.820 3.500000e+00 1.990 4 2.050 4.500000e+00 2.190 5
7_25_17 2.751681 1.266309 0.000000 0.150 2.500000e-01 0.250 5.000000e-01 0.350 7.500000e-01 0.470 1 0.650 1.500000e+00 0.800 2 0.920 2.500000e+00 1.100 3 1.220 3.500000e+00 1.350 4 1.400 4.500000e+00 1.540 5
7_31_17 1.261042 1.085620 0.000000 0.200 2.500000e-01 0.420 5.000000e-01 0.620 7.500000e-01 0.800 1 1.210 1.500000e+00 1.570 2 1.920 2.500000e+00 2.080 3 2.610 3.500000e+00 2.890 4 3.220 4.500000e+00 3.480 5
8_1_17 2.318912 1.212060 0.000000 0.150 2.500000e-01 0.280 5.000000e-01 0.400 7.500000e-01 0.520 1 0.730 1.500000e+00 0.910 2 1.080 2.500000e+00 1.230 3 1.350 3.500000e+00 1.550 4 1.730 4.500000e+00 1.820 5
8_9_17 1.291633 1.070336 0.000000 0.210 2.500000e-01 0.410 5.000000e-01 0.610 7.500000e-01 0.810 1 1.160 1.500000e+00 1.480 2 1.880 2.500000e+00 2.240 3 2.580 3.500000e+00 2.830 4 3.190 4.500000e+00 3.360 5
8_24_17 1.792159 1.194859 0.000000 0.180 2.500000e-01 0.360 5.000000e-01 0.480 7.500000e-01 0.650 1 0.840 1.500000e+00 1.100 2 1.330 2.500000e+00 1.600 3 1.820 3.500000e+00 1.970 4 2.050 4.500000e+00 2.220 5
8_30_17 2.377411 1.072894 0.000000 0.120 2.500000e-01 0.230 5.000000e-01 0.370 7.500000e-01 0.460 1 0.650 1.500000e+00 0.830 2 1.030 2.500000e+00 1.270 3 1.470 3.500000e+00 1.600 4 1.790 4.500000e+00 1.980 5
9_19_17 1.629160 1.162394 0.000000 0.200 2.500000e-01 0.350 5.000000e-01 0.520 7.500000e-01 0.760 1 0.960 1.500000e+00 1.180 2 1.440 2.500000e+00 1.690 3 1.810 3.500000e+00 2.080 4 2.400 4.500000e+00 2.800 5
9_22_17 1.737345 1.187936 0.000000 0.190 2.500000e-01 0.350 5.000000e-01 0.480 7.500000e-01 0.650 1 0.960 1.500000e+00 1.150 2 1.410 2.500000e+00 1.560 3 1.780 3.500000e+00 1.950 4 2.160 4.500000e+00 2.420 5
9_28_17 2.844364 1.064256 0.000000 0.107 2.500000e-01 0.203 5.000000e-01 0.288 7.500000e-01 0.360 1 0.500 1.500000e+00 0.700 2 0.843 2.500000e+00 0.985 3 1.250 3.500000e+00 1.500 4 1.600 4.500000e+00 1.730 5
9_29_17 2.423532 1.099759 0.000000 0.124 2.500000e-01 0.237 5.000000e-01 0.346 7.500000e-01 0.451 1 0.657 1.500000e+00 0.847 2 1.060 2.500000e+00 1.210 3 1.400 3.500000e+00 1.520 4 1.740 4.500000e+00 1.850 5
10_2_17 1.502640 1.314520 0.000000 0.220 2.500000e-01 0.440 5.000000e-01 0.580 7.500000e-01 0.740 1 0.980 1.500000e+00 1.220 2 1.500 2.500000e+00 1.710 3 1.930 3.500000e+00 2.110 4 2.260 4.500000e+00 2.500 5
10_2_17 2.524533 1.231009 0.000000 0.150 2.500000e-01 0.260 5.000000e-01 0.380 7.500000e-01 0.490 1 0.670 1.500000e+00 0.830 2 1.000 2.500000e+00 1.170 3 1.290 3.500000e+00 1.450 4 1.570 4.500000e+00 1.700 5
10_3_17 2.152780 1.109851 0.000000 0.144 2.500000e-01 0.262 5.000000e-01 0.388 7.500000e-01 0.505 1 0.742 1.500000e+00 0.929 2 1.170 2.500000e+00 1.300 3 1.580 3.500000e+00 1.790 4 1.930 4.500000e+00 2.060 5
10_5_17 1.509552 1.209023 0.000000 0.220 2.500000e-01 0.400 5.000000e-01 0.570 7.500000e-01 0.700 1 1.040 1.500000e+00 1.270 2 1.600 2.500000e+00 1.830 3 2.000 3.500000e+00 2.150 4 2.320 4.500000e+00 2.670 5
10_6_17 2.117909 1.123744 0.000000 0.147 2.500000e-01 0.274 5.000000e-01 0.398 7.500000e-01 0.516 1 0.752 1.500000e+00 0.970 2 1.180 2.500000e+00 1.370 3 1.580 3.500000e+00 1.750 4 1.900 4.500000e+00 2.090 5
10_9_17 0.491136 1.275225 0.000000 0.580 2.500000e-01 0.980 5.000000e-01 1.390 7.500000e-01 1.790 1 2.500 1.500000e+00 3.100 2 3.700 2.500000e+00 4.230 3 4.670 3.500000e+00 5.090 4 5.530 4.500000e+00 5.740 5
10_12_17 0.938972 1.273835 0.000000 0.340 2.500000e-01 0.610 5.000000e-01 0.840 7.500000e-01 1.080 1 1.490 1.500000e+00 1.850 2 2.140 2.500000e+00 2.520 3 2.820 3.500000e+00 3.110 4 3.340 4.500000e+00 3.600 5
10_12_17 2.674387 0.971743 0.000000 0.080 2.500000e-01 0.190 5.000000e-01 0.300 7.500000e-01 0.327 1 0.680 1.500000e+00 0.740 2 1.000 2.500000e+00 1.020 3 1.247 3.500000e+00 1.370 4 1.720 4.500000e+00 1.940 5
10_12_17 2.715519 1.055359 0.000000 0.100 2.500000e-01 0.160 5.000000e-01 0.330 7.500000e-01 0.410 1 0.580 1.500000e+00 0.810 2 0.940 2.500000e+00 1.150 3 1.270 3.500000e+00 1.460 4 1.490 4.500000e+00 1.510 5
10_16_17 1.436652 1.278955 0.000000 0.240 2.500000e-01 0.430 5.000000e-01 0.630 7.500000e-01 0.810 1 1.050 1.500000e+00 1.390 2 1.520 2.500000e+00 1.740 3 1.930 3.500000e+00 2.210 4 2.330 4.500000e+00 2.680 5
10_18_17 1.293047 1.273589 0.000000 0.260 2.500000e-01 0.470 5.000000e-01 0.680 7.500000e-01 0.850 1 1.130 1.500000e+00 1.410 2 1.760 2.500000e+00 2.000 3 2.170 3.500000e+00 2.440 4 2.560 4.500000e+00 2.680 5
10_19_17 2.623902 1.073103 0.000000 0.109 2.500000e-01 0.223 5.000000e-01 0.286 7.500000e-01 0.432 1 0.595 1.500000e+00 0.809 2 0.993 2.500000e+00 1.060 3 1.360 3.500000e+00 1.490 4 1.620 4.500000e+00 1.740 5
10_20_17 2.160544 1.097675 0.000000 0.140 2.500000e-01 0.260 5.000000e-01 0.390 7.500000e-01 0.470 1 0.760 1.500000e+00 0.930 2 1.150 2.500000e+00 1.400 3 1.580 3.500000e+00 1.700 4 1.960 4.500000e+00 2.040 5
10_23_17 2.612881 1.049873 0.000000 0.110 2.500000e-01 0.190 5.000000e-01 0.310 7.500000e-01 0.420 1 0.630 1.500000e+00 0.740 2 0.910 2.500000e+00 1.120 3 1.350 3.500000e+00 1.500 4 1.630 4.500000e+00 1.930 5
10_24_17 2.252208 1.088811 0.000000 0.100 2.500000e-01 0.250 5.000000e-01 0.370 7.500000e-01 0.460 1 0.700 1.500000e+00 0.930 2 1.020 2.500000e+00 1.300 3 1.510 3.500000e+00 1.700 4 1.820 4.500000e+00 2.110 5
