7_19_17 1.585351 1.138535 0.000000 0.190 2.500000e-01 0.350 5.000000e-01 0.530 7.500000e-01 0.740 1 0.970 1.500000e+00 1.260 2 1.510 2.500000e+00 1.720 3 2.060 3.500000e+00 2.400 4 2.260 4.500000e+00 2.460 5
7_19_17 1.738862 1.274292 0.000000 0.210 2.500000e-01 0.380 5.000000e-01 0.520 7.500000e-01 0.640 1 0.960 1.500000e+00 0.240 2 1.430 2.500000e+00 1.500 3 1.780 3.500000e+00 1.950 4 1.990 4.500000e+00 2.130 5
7_19_17 1.719730 1.269670 0.000000 0.210 2.500000e-01 0.380 5.000000e-01 0.520 7.500000e-01 0.640 1 0.960 1.500000e+00 1.240 2 1.430 2.500000e+00 1.500 3 1.780 3.500000e+00 1.950 4 1.990 4.500000e+00 2.130 5
7_25_17 2.714380 1.205273 0.000000 0.130 2.500000e-01 0.250 5.000000e-01 0.350 7.500000e-01 0.430 1 0.650 1.500000e+00 0.800 2 0.940 2.500000e+00 1.120 3 1.270 3.500000e+00 1.320 4 1.460 4.500000e+00 1.590 5
8_1_17 2.623609 1.219824 0.000000 0.120 2.500000e-01 0.240 5.000000e-01 0.380 7.500000e-01 0.480 1 0.610 1.500000e+00 0.810 2 0.960 2.500000e+00 1.150 3 1.250 3.500000e+00 1.340 4 1.550 4.500000e+00 1.720 5
8_24_17 1.864537 1.218058 0.000000 0.207 2.500000e-01 0.297 5.000000e-01 0.497 7.500000e-01 0.587 1 0.967 1.500000e+00 1.087 2 1.197 2.500000e+00 1.377 3 1.497 3.500000e+00 1.907 4 2.097 4.500000e+00 2.387 5
9_7_17 1.940338 1.100210 0.000000 0.170 2.500000e-01 0.250 5.000000e-01 0.420 7.500000e-01 0.550 1 0.760 1.500000e+00 1.130 2 1.230 2.500000e+00 1.450 3 1.630 3.500000e+00 1.910 4 2.200 4.500000e+00 2.460 5
9_18_17 1.905801 1.205946 0.000000 0.180 2.500000e-01 0.360 5.000000e-01 0.470 7.500000e-01 0.590 1 0.780 1.500000e+00 1.050 2 1.200 2.500000e+00 1.480 3 1.600 3.500000e+00 1.760 4 2.110 4.500000e+00 2.660 5
9_19_17 1.966728 1.097727 0.000000 0.160 2.500000e-01 0.260 5.000000e-01 0.400 7.500000e-01 0.580 1 0.790 1.500000e+00 1.160 2 1.280 2.500000e+00 1.390 3 1.630 3.500000e+00 1.760 4 2.120 4.500000e+00 2.420 5
9_22_17 1.864008 1.120416 0.000000 0.140 2.500000e-01 0.310 5.000000e-01 0.440 7.500000e-01 0.600 1 0.850 1.500000e+00 1.060 2 1.260 2.500000e+00 1.540 3 1.760 3.500000e+00 1.980 4 2.200 4.500000e+00 2.400 5
9_26_17 1.586370 1.195424 0.000000 0.210 2.500000e-01 0.370 5.000000e-01 0.580 7.500000e-01 0.690 1 0.880 1.500000e+00 1.260 2 1.520 2.500000e+00 1.740 3 1.930 3.500000e+00 2.170 4 2.300 4.500000e+00 2.550 5
9_29_17 2.474027 1.071918 0.000000 0.110 2.500000e-01 0.222 5.000000e-01 0.340 7.500000e-01 0.436 1 0.658 1.500000e+00 0.850 2 1.040 2.500000e+00 1.200 3 1.380 3.500000e+00 1.520 4 1.720 4.500000e+00 1.810 5
10_2_17 2.013866 1.113733 0.000000 0.150 2.500000e-01 0.280 5.000000e-01 0.400 7.500000e-01 0.780 1 0.920 1.500000e+00 1.040 2 1.250 2.500000e+00 1.540 3 1.680 3.500000e+00 1.750 4 1.890 4.500000e+00 2.070 5
10_2_17 1.582122 1.170393 0.000000 0.170 2.500000e-01 0.370 5.000000e-01 0.540 7.500000e-01 0.660 1 0.990 1.500000e+00 1.250 2 1.350 2.500000e+00 1.700 3 2.000 3.500000e+00 2.220 4 2.400 4.500000e+00 2.700 5
10_3_17 3.485994 1.172981 0.000000 0.100 2.500000e-01 0.210 5.000000e-01 0.307 7.500000e-01 0.411 1 0.482 1.500000e+00 0.543 2 0.676 2.500000e+00 0.806 3 0.741 3.500000e+00 1.130 4 1.350 4.500000e+00 1.590 5
10_3_17 2.497699 0.998195 0.000000 0.087 2.500000e-01 0.188 5.000000e-01 0.326 7.500000e-01 0.458 1 0.663 1.500000e+00 0.851 2 1.037 2.500000e+00 1.167 3 1.397 3.500000e+00 1.537 4 1.707 4.500000e+00 1.797 5
10_6_17 2.467858 1.071207 0.000000 0.116 2.500000e-01 0.223 5.000000e-01 0.333 7.500000e-01 0.438 1 0.632 1.500000e+00 0.870 2 1.020 2.500000e+00 1.170 3 1.380 3.500000e+00 1.590 4 1.750 4.500000e+00 1.850 5
10_9_17 0.403066 1.241531 0.000000 0.610 2.500000e-01 1.180 5.000000e-01 1.690 7.500000e-01 2.170 1 3.040 1.500000e+00 3.820 2 4.510 2.500000e+00 5.110 3 5.730 3.500000e+00 6.170 4 6.600 4.500000e+00 7.040 5
10_12_17 0.385883 1.258240 0.000000 0.580 2.500000e-01 1.230 5.000000e-01 1.720 7.500000e-01 2.110 1 2.710 1.500000e+00 3.840 2 4.560 2.500000e+00 5.270 3 5.910 3.500000e+00 6.470 4 6.920 4.500000e+00 7.150 5
10_12_17 2.610621 1.048726 0.000000 0.090 2.500000e-01 0.200 5.000000e-01 0.300 7.500000e-01 0.420 1 0.630 1.500000e+00 0.790 2 1.010 2.500000e+00 1.140 3 1.330 3.500000e+00 1.450 4 1.670 4.500000e+00 1.720 5
10_16_17 1.555331 1.074681 0.000000 0.170 2.500000e-01 0.350 5.000000e-01 0.480 7.500000e-01 0.720 1 1.100 1.500000e+00 1.340 2 1.630 2.500000e+00 1.910 3 2.240 3.500000e+00 2.250 4 2.390 4.500000e+00 2.660 5
10_18_17 1.593192 1.036129 0.000000 0.140 2.500000e-01 0.330 5.000000e-01 0.510 7.500000e-01 0.670 1 1.020 1.500000e+00 1.400 2 1.730 2.500000e+00 1.810 3 2.060 3.500000e+00 2.300 4 2.460 4.500000e+00 2.770 5
10_19_17 2.987818 1.058452 0.000000 0.093 2.500000e-01 0.175 5.000000e-01 0.278 7.500000e-01 0.371 1 0.554 1.500000e+00 0.715 2 0.864 2.500000e+00 1.020 3 1.170 3.500000e+00 1.300 4 1.400 4.500000e+00 1.510 5
10_20_17 2.861147 1.053028 0.000000 0.080 2.500000e-01 0.190 5.000000e-01 0.280 7.500000e-01 0.370 1 0.540 1.500000e+00 0.720 2 0.890 2.500000e+00 1.040 3 1.190 3.500000e+00 1.380 4 1.380 4.500000e+00 1.420 5
10_23_17 3.509189 0.998634 0.000000 0.070 2.500000e-01 0.140 5.000000e-01 0.210 7.500000e-01 0.290 1 0.440 1.500000e+00 0.580 2 0.760 2.500000e+00 0.850 3 1.070 3.500000e+00 1.110 4 1.210 4.500000e+00 1.280 5
10_24_17 2.861220 1.004797 0.000000 0.080 2.500000e-01 0.180 5.000000e-01 0.280 7.500000e-01 0.340 1 0.550 1.500000e+00 0.750 2 0.920 2.500000e+00 1.080 3 1.260 3.500000e+00 1.350 4 1.440 4.500000e+00 1.590 5
