8_4_16 1.000000 0.000000 0.000000 0.000 2.500000e-01 0.000 5.000000e-01 0.000 7.500000e-01 0.000 1 0.000 1.500000e+00 0.000 2 0.000 2.500000e+00 0.000 3 0.000 3.500000e+00 0.000 4 0.000 4.500000e+00 0.000 5

8_5_16 1.000000 0.000000 0.000000 0.000 2.500000e-01 0.000 5.000000e-01 0.000 7.500000e-01 0.000 1 0.000 1.500000e+00 0.000 2 0.000 2.500000e+00 0.000 3 0.000 3.500000e+00 0.000 4 0.000 4.500000e+00 0.000 5


8_5_16 0.932107 1.263707 0.000000 0.323 2.500000e-01 0.596 5.000000e-01 0.866 7.500000e-01 1.080 1 1.520 1.500000e+00 1.870 2 2.230 2.500000e+00 2.540 3 2.860 3.500000e+00 3.140 4 3.380 4.500000e+00 3.550 5
9_15_16 0.932107 1.263707 0.000000 0.323 2.500000e-01 0.596 5.000000e-01 0.866 7.500000e-01 1.080 1 1.520 1.500000e+00 1.870 2 2.230 2.500000e+00 2.540 3 2.860 3.500000e+00 3.140 4 3.380 4.500000e+00 3.550 5

11_2_16 2.220558 1.072107 0.000000 0.124 2.500000e-01 0.250 5.000000e-01 0.378 7.500000e-01 0.500 1 0.678 1.500000e+00 0.870 2 1.200 2.500000e+00 1.400 3 1.500 3.500000e+00 1.750 4 1.870 4.500000e+00 2.000 5
11_3_16 0.596447 1.166898 0.000000 0.470 2.500000e-01 0.828 5.000000e-01 1.280 7.500000e-01 1.620 1 2.210 1.500000e+00 2.830 2 3.420 2.500000e+00 4.030 3 4.560 3.500000e+00 5.110 4 5.590 4.500000e+00 6.070 5
